carid	price
3	17.698301
4	8.561868
8	2.2918417
9	5.8268228
11	14.776418
15	28.285677
17	14.842935
19	3.7150435
21	5.1738214
27	2.1778722
28	23.834793
29	12.510867
30	20.0239
35	22.686127
36	2.5428526
37	24.573406
39	10.04959
42	1.8304448
43	6.5587626
44	3.2515383
46	9.746933
47	5.7640157
48	21.913465
52	5.938014
53	2.42618
54	16.375338
58	1.3430066
59	4.0287094
60	3.4639812
61	2.8096337
62	12.51494
63	3.195794
69	3.6072636
70	15.904207
71	4.563721
73	15.292318
77	6.8301687
80	2.9307165
81	4.4869375
82	7.3586044
83	8.890335
84	6.189604
86	2.0069237
87	7.746339
91	12.336958
92	0.600572
93	9.795158
95	1.8226147
97	5.295228
98	4.3471446
100	0.58836234
101	2.025657
103	6.3574286
107	3.0025802
109	3.0062456
110	6.252268
111	1.4248772
113	7.9679146
116	3.5501585
118	0.41064894
119	3.531292
120	5.32759
121	3.19211
126	3.5295043
127	3.6844115
128	6.5529385
129	7.6187735
134	4.987668
135	66.94967
137	5.5632033
139	7.242321
141	1.499327
142	4.020013
143	9.536021
146	9.58004
147	16.889372
152	3.2555404
153	6.6340976
154	16.301466
155	2.31907
160	8.642504
161	29.379147
163	12.359755
164	23.787163
166	6.6990566
167	3.779117
168	5.1473308
169	18.392288
170	15.523394
171	9.864273
181	3.7771735
182	3.7278256
184	4.4465656
191	11.167006
193	10.386694
194	32.451912
196	8.576107
200	3.1231208
201	4.9739313
206	4.112007
207	6.969364
209	6.558705
211	11.564875
213	4.613185
215	28.57534
216	49.477097
219	2.5258107
223	10.635048
225	4.3484993
226	3.5788174
227	7.4848223
228	3.6615028
230	7.184249
231	13.888295
233	3.8603444
234	7.0940313
236	2.0960603
237	41.955494
238	6.812155
241	7.2973156
242	6.545791
246	1.8267133
247	20.288904
250	7.916847
251	3.8953452
252	10.206066
255	6.196011
256	9.255634
259	25.833693
262	5.791325
263	10.302749
269	20.039156
270	2.9270205
272	13.418389
273	14.081038
274	4.4740458
276	10.627704
277	12.4450865
283	2.285521
290	4.2702065
291	5.579513
292	41.260147
293	1.5876825
296	3.491735
298	23.458012
299	19.677605
300	3.042501
301	4.0603676
304	8.755126
306	3.1132402
309	34.683628
310	1.7493002
311	5.473334
313	6.2185817
314	12.277942
315	1.7086864
316	4.133617
317	3.993627
318	8.395437
322	13.772256
325	3.047945
328	3.713704
329	10.467672
336	14.510923
337	3.8599858
338	0.88738596
340	14.873788
343	2.1525009
346	5.6081166
347	0.5092219
349	3.6088886
354	2.1201797
355	6.0101852
356	13.577394
357	18.311237
359	4.2754865
361	4.8439436
363	4.0358386
365	3.4456196
366	4.0562315
367	9.749691
370	13.615448
372	10.150698
374	35.856457
375	6.2838335
376	14.385344
377	27.708704
378	4.438203
380	22.278818
385	8.520254
388	3.0037074
389	2.57744
391	6.992187
393	2.99985
394	2.5361383
398	6.0964785
399	10.619266
400	8.442333
403	17.956318
405	15.68022
408	3.3612967
409	1.2443533
411	18.324276
412	12.07801
417	4.187122
418	8.451578
420	4.2856355
423	9.583211
424	2.566398
425	4.8641334
428	2.2804651
431	9.043922
432	2.1487508
436	1.6689415
439	6.1714582
440	4.075848
441	3.873818
442	14.393021
444	3.9981027
445	21.670074
446	6.1435556
451	15.503117
453	10.951404
454	4.5216403
455	4.8932266
459	27.09885
461	6.731076
464	7.217223
465	9.144285
467	3.7905936
472	2.5238485
475	4.433075
476	1.3152072
478	2.3566458
479	4.344722
480	4.908149
482	25.223957
483	0.5805534
484	7.147814
485	8.083397
486	10.172274
487	6.044553
489	7.894662
492	10.6639805
493	1.2414305
494	6.8562746
495	2.3493805
497	5.211796
499	8.640269
501	4.1651425
504	6.754439
505	11.278428
508	7.5335283
509	8.88213
512	3.3924494
515	13.5591345
517	2.461128
520	17.235434
521	8.49619
522	9.096564
525	5.63989
528	2.7614243
529	6.4819746
533	3.2210093
535	11.205606
536	3.9841251
538	8.333431
539	0.94220746
542	17.853022
543	1.784312
544	7.392394
545	11.180037
546	6.602598
547	6.5684557
551	10.721529
552	3.8846955
554	5.3371687
558	20.63135
559	15.987373
561	4.0958138
563	1.8498154
567	4.157887
568	4.725507
570	8.334846
572	7.812085
576	8.712736
580	5.044092
582	16.147963
583	6.041223
584	1.2355232
585	1.9558504
591	4.4732375
594	2.5869405
596	6.091974
599	4.3572125
601	1.1346636
603	30.952353
604	5.939539
605	6.595929
606	4.908356
608	10.2801485
612	2.9024043
620	8.67105
623	13.483926
628	3.875667
630	8.878992
631	1.1988764
632	7.7370176
633	7.062028
634	3.433013
635	22.262007
637	0.74889755
638	14.65394
643	10.352636
645	7.8330355
648	2.1611426
649	2.9330125
650	5.1953154
654	11.811621
656	1.5396497
657	8.178164
661	13.289334
667	1.6467326
668	12.027846
669	9.654375
671	3.402389
674	11.631628
675	2.8976336
677	1.9588413
678	4.853293
680	13.33561
681	2.3571062
682	9.58203
683	3.7105188
686	10.646557
687	4.503582
690	1.7551718
691	18.790676
692	9.027031
694	2.8479946
695	2.713969
698	9.217028
700	8.268025
701	11.71508
705	29.461355
707	7.9812145
708	6.465909
709	52.092644
710	6.755402
712	2.7048147
716	3.9948401
718	6.401783
722	1.371316
724	5.352735
725	28.363514
726	10.318213
728	2.34291
729	4.215201
730	15.682539
733	21.860432
734	5.2126846
737	14.540732
741	20.179441
742	8.598258
747	8.416723
748	7.4490013
749	6.9851117
750	3.9595022
751	9.016202
754	3.4412427
755	2.8945286
764	28.17907
767	36.159744
768	4.022185
769	1.5951567
778	4.925144
782	0.57700694
783	2.8284516
786	4.4935737
787	4.7781425
790	17.039526
794	5.8389025
796	13.03439
797	6.1651273
800	11.426818
801	5.3375745
804	1.462991
806	1.2153099
807	5.617437
809	4.858289
810	16.582542
812	0.52621317
815	9.92222
818	5.195295
819	2.4473388
820	9.864475
823	24.02852
824	20.995443
826	77.39829
829	9.160608
831	22.158134
832	22.969595
837	4.874008
839	19.733557
840	4.9799595
841	4.258977
842	9.305791
846	2.2303374
847	5.2095337
848	7.2749777
851	6.684969
853	4.4096675
854	11.275409
855	11.554341
857	10.910006
858	9.03018
861	13.041068
862	16.407625
863	24.498798
864	2.0866077
867	19.768293
869	10.647062
871	3.8205066
873	1.6144023
874	41.112675
876	23.98934
877	13.798162
879	3.6359386
881	6.5355988
882	22.91364
883	5.1987047
885	5.7904086
887	3.920207
888	9.686127
889	10.141058
890	14.687488
895	21.577053
896	1.6475275
898	4.3070517
899	19.47341
909	2.1509528
911	10.035394
912	6.9428945
914	61.62279
915	6.0284433
918	2.3949854
919	6.2156262
922	1.7971287
923	5.790071
926	8.6514435
928	6.738683
931	2.204889
932	18.009348
933	1.5580096
934	4.9063244
935	15.809324
936	1.0525987
938	12.418311
945	0.43815315
946	0.6305815
947	4.471777
951	3.7166667
952	12.264978
958	18.576176
959	3.0633879
960	4.0856767
961	1.6992695
963	5.360789
965	2.0640378
967	2.834826
968	8.207583
971	2.9791267
972	1.0768957
978	16.567122
979	2.1788754
980	8.088679
981	6.570533
982	6.442628
985	34.95882
986	39.888847
987	3.596096
989	8.2089405
992	6.578343
994	1.3497322
995	10.755771
999	4.408078
1000	1.4463506
1001	45.66552
1002	3.1628385
1004	11.186189
1005	15.664267
1008	5.741638
1009	6.2084155
1010	6.182844
1013	6.3536353
1014	14.196575
1016	17.809498
1017	2.590187
1018	37.030975
1021	5.0116353
1022	4.2664194
1024	5.503104
1030	22.732481
1031	3.2173257
1034	1.9224153
1037	16.127626
1038	19.292112
1042	3.0634618
1044	5.7584934
1047	6.012135
1048	9.539274
1049	4.753671
1051	2.651578
1052	17.01146
1053	2.18457
1054	1.7907896
1057	2.763745
1060	5.929846
1062	35.145626
1064	6.6334496
1065	0.9797778
1066	16.709427
1067	6.415334
1070	4.7926364
1072	3.6551208
1073	3.4111767
1075	1.9681468
1076	3.7996826
1077	18.543709
1078	15.867491
1083	1.263056
1084	2.9934928
1086	37.02197
1089	0.9839573
1091	4.713199
1092	7.067169
1093	11.639292
1094	4.886723
1096	2.503308
1097	11.838295
1099	2.215427
1101	4.2677636
1102	11.337422
1103	22.006691
1104	5.6072764
1106	9.436724
1108	1.268053
1109	37.787674
1111	4.0985394
1112	6.40831
1113	6.1842566
1114	4.158875
1116	4.67713
1117	22.790112
1119	3.3870168
1122	8.026379
1124	1.1636388
1126	4.209394
1129	0.878093
1131	3.528243
1141	15.860943
1144	0.28657782
1145	6.3107843
1146	7.01422
1147	14.3696995
1149	2.8860934
1152	7.998561
1154	9.374219
1157	2.3832793
1158	1.9043221
1159	1.6710308
1160	5.527184
1162	2.4810572
1164	2.7342603
1166	6.1159
1167	8.958378
1170	7.5412836
1171	3.5637407
1173	4.800728
1174	1.9812093
1175	18.198671
1177	17.736622
1178	3.8307333
1179	3.5450745
1180	11.182726
1182	23.017456
1184	6.79185
1186	10.188132
1187	1.0103238
1189	8.962416
1190	26.054665
1193	9.393834
1196	7.7719975
1198	1.8961978
1199	8.451084
1200	2.1289291
1203	5.418589
1205	15.896641
1207	19.475555
1208	2.464066
1209	10.769809
1211	21.083937
1212	5.929321
1215	2.483952
1216	5.7168083
1217	3.4949498
1219	3.9995365
1220	21.176075
1221	27.16772
1226	10.946985
1227	7.9858513
1229	4.060136
1231	0.4789393
1232	5.642376
1237	3.3118901
1238	12.683561
1240	32.814606
1242	4.944476
1244	14.282752
1245	10.610117
1246	7.6979685
1247	3.2833266
1248	1.449574
1250	7.384248
1251	25.86241
1255	7.057872
1256	5.1743274
1257	18.397408
1258	0.62718487
1260	7.79418
1262	22.09265
1264	6.4706764
1266	14.70487
1267	5.263681
1268	16.387068
1272	4.361045
1276	7.8162136
1283	4.6862645
1285	5.6009536
1287	6.9387026
1288	11.482221
1289	2.0023942
1291	3.9065523
1295	4.863228
1296	6.7028337
1297	3.5862088
1302	6.323952
1304	3.991909
1305	3.198276
1307	12.565172
1308	8.586339
1309	2.0253525
1310	10.39839
1311	10.192699
1312	2.0856988
1313	4.0373316
1316	13.277471
1321	35.248924
1323	2.9848166
1324	14.410719
1325	6.260243
1327	5.6932087
1333	1.6317341
1336	22.808844
1342	11.981063
1346	3.2432318
1349	20.971308
1354	12.81878
1355	12.776064
1359	15.039228
1362	5.660763
1364	6.2361016
1367	3.0277524
1369	3.5406728
1370	4.8181014
1373	11.819949
1376	8.017227
1377	8.366229
1380	1.4732294
1382	15.071209
1384	3.6372666
1389	11.94752
1391	4.2624545
1393	4.3377314
1394	15.465483
1396	0.19404471
1401	3.0986152
1402	7.0588913
1405	8.0625515
1407	16.66122
1410	49.734673
1411	11.923277
1412	17.81005
1414	5.996033
1415	4.4857626
1416	3.1418252
1418	8.601277
1421	15.619772
1425	11.272041
1427	3.473402
1428	1.4051459
1430	3.5062137
1432	15.9155445
1433	0.6155783
1434	13.620379
1435	13.40785
1436	4.8528786
1437	12.276669
1439	3.8747416
1440	1.7703586
1442	12.812587
1445	23.169264
1446	11.543417
1454	7.3375854
1457	5.3088326
1458	6.1742306
1462	6.2651277
1465	11.236831
1466	6.4300957
1467	8.720144
1468	33.848118
1470	3.2072754
1471	6.0473843
1474	3.3383603
1478	1.4809144
1481	11.281544
1482	8.242964
1483	2.2468235
1486	5.7487826
1488	13.748158
1490	7.123475
1491	4.1303463
1492	22.194145
1495	3.6487956
1497	18.597437
1498	6.857004
1500	9.88569
1501	16.622581
1504	10.410731
1507	9.505517
1509	13.769856
1510	11.001147
1514	6.0295863
1515	8.187282
1518	22.173172
1520	5.7700124
1523	5.765597
1525	23.153778
1528	4.3378234
1529	0.76052666
1531	2.0074508
1535	6.0828223
1536	12.384299
1540	10.366081
1541	11.880212
1542	16.954603
1543	12.665528
1544	4.216149
1546	5.7806935
1547	3.6943755
1549	27.980907
1550	3.142694
1555	15.357372
1557	9.473608
1559	81.62868
1560	9.046935
1562	14.449015
1564	2.0695317
1566	10.618991
1568	1.9144869
1571	8.191025
1577	9.049187
1579	7.2980433
1580	4.8826327
1582	3.0222602
1585	2.625583
1586	3.0262165
1588	6.1474257
1589	20.419445
1593	0.5760752
1594	37.72461
1597	5.505097
1601	10.622482
1602	2.0282257
1603	4.831924
1605	14.270252
1608	3.6522317
1609	4.6390944
1611	7.6930237
1612	2.1626823
1613	9.114847
1615	8.321482
1616	3.3045602
1617	5.8563366
1619	15.028648
1620	0.4118657
1621	6.479597
1622	6.0014577
1623	5.0781136
1624	8.0539255
1625	2.6954155
1626	7.4416094
1627	5.9006467
1628	11.727225
1629	8.601185
1630	1.5802076
1632	6.7771144
1633	5.804733
1636	5.0212717
1637	5.312089
1639	5.92569
1640	2.010815
1643	4.069458
1654	19.968239
1767	3.7400842
1776	4.766723
1782	16.5565
1795	14.146512
1804	14.769853
1805	15.328648
1875	10.0633745
1930	10.397416
1954	8.017637
1960	9.0657215
2029	2.4592793
2044	3.2828374
2204	21.531345
2205	14.65864
2206	3.9232306
2233	4.531179
2246	5.014342
2322	9.085589
2348	4.214412
2370	7.048847
2407	8.764179
2411	8.776154
2430	11.413064
2469	11.038261
2471	10.573788
2645	36.789436
2647	6.462703
2653	10.3917885
2657	9.742469
2664	5.8053436
2667	11.492188
2682	5.4249268
2699	0.8387389
2707	2.2257822
2827	9.914979
2939	7.3119135
3010	6.4670014
3021	4.772373
3024	6.970995
3057	25.63068
3147	10.461795
3175	25.955397
3211	13.105808
3216	0.92629766
3217	28.553137
3291	5.327352
3294	4.942296
3301	38.26666
3427	4.555328
3431	39.11642
3437	6.5771923
3445	22.043602
3457	11.896218
3462	12.768998
3475	11.213715
3529	5.6733494
3538	1.2620411
3540	16.434029
3588	21.845778
3685	7.6341677
3701	7.7878113
3734	7.56343
3758	8.828869
3842	16.634384
3856	4.620259
3987	13.386544
4021	7.3291445
4025	21.516714
4081	15.803322
4133	3.740121
4137	20.097998
4173	3.1689749
4186	37.393757
4187	37.849472
4236	33.158363
4272	0.75481975
4334	28.99036
4377	8.437806
4382	87.399086
4449	12.843882
4472	2.8478732
4489	1.11743
4494	4.250968
4612	23.350979
4615	21.60457
4619	24.269846
4660	8.588815
4743	16.252058
4850	30.558262
4859	3.4833813
4861	2.8292882
4908	20.311224
4918	1.4982309
4959	6.268286
4972	5.4621844
4988	2.5124643
5000	10.678271
5011	7.3684235
5054	11.774458
5089	1.4315557
5161	15.892054
5214	10.09189
5216	2.240089
5218	3.520625
5251	15.525038
5287	28.171646
5388	22.050049
5405	3.8262544
5421	58.09957
5591	1.9359086
5596	1.776947
5608	50.059834
5648	7.3253794
5672	12.091534
5715	8.692382
5730	1.1887314
5755	5.2052736
5765	4.8060517
5832	2.8722615
5997	6.940439
6112	24.818985
6113	24.79633
6121	23.995651
6129	5.8095593
6155	0.87648726
6157	0.9405128
6159	16.240759
6196	12.705476
6230	10.0301075
6241	19.057226
6362	18.091852
6387	14.601255
6623	13.458463
6628	12.518173
6633	87.53057
6680	10.083917
6681	10.082757
6713	14.292651
6741	6.871504
6772	31.725292
6806	4.8534245
6899	19.736916
6929	2.197465
6978	2.2687707
7058	1.6887348
7085	1.5758648
7090	32.06343
7158	24.995874
7179	4.935816
7194	1.0506351
7201	1.6433997
7202	13.18537
7203	30.255352
7227	4.496822
7244	8.685783
7252	6.777663
7255	7.348813
7256	7.899289
7295	0.62437344
7327	10.656263
7331	0.7200259
7352	5.447038
7476	21.793377
7504	6.1226377
7532	8.470436
7595	13.061077
7606	19.452148
7625	2.325235
7663	35.2834
7682	4.5844836
7708	9.339353
7725	8.05732
7746	12.629505
7833	2.1959403
7913	9.967279
7916	11.551482
7954	24.524906
7979	23.981329
7984	24.434637
7997	2.725097
8003	17.423616
8019	8.322515
8026	2.4640453
8054	18.378119
8078	9.922104
8086	10.27955
8137	9.026447
8164	12.46887
8250	4.302785
8323	6.3605986
8343	12.10974
8403	4.642585
8505	2.2328815
8506	2.2382028
8553	15.988611
8576	33.76055
8596	42.064587
8599	42.81559
8620	10.314728
8623	10.095101
8627	5.690501
8679	2.8333702
8685	3.0378299
8773	10.4160185
8788	20.381657
8791	18.715473
8806	1.6744299
8924	7.7692566
8952	12.6302
8966	18.147558
8967	19.044744
8975	18.378714
9038	3.4956155
9116	8.01765
9120	8.578673
9129	5.8411703
9135	5.863059
9162	2.8377857
9238	28.50074
9286	15.327833
9304	22.177523
9339	8.153701
9348	7.8559256
9349	8.183921
9370	0.6503067
9381	11.519725
9385	11.908458
9413	9.785035
9480	4.8470726
9498	4.5137715
9607	16.94315
9637	15.832838
9738	2.825074
9816	18.153502
9894	3.0513692
9931	5.8529024
9932	5.6160502
10032	12.686902
10124	31.496395
10158	80.68319
10166	11.299814
10198	7.371993
10204	7.4307384
10471	6.8429623
10550	10.784399
10568	23.949215
10636	45.75952
10690	15.835804
10713	20.598951
10726	13.545826
10728	15.540211
10750	3.8802204
10792	15.70789
10869	40.814312
10878	6.96841
10902	32.401863
10993	8.400915
10999	8.358681
11000	9.705541
11026	26.333418
11080	11.154224
11081	12.877447
11176	38.996857
11268	35.132053
11275	11.22547
11296	22.60256
11348	14.252946
11355	4.797712
11368	12.41068
11432	5.8216195
11459	4.068296
11595	3.2307787
11720	6.9237022
11742	15.754564
11760	49.895405
11766	49.894283
11767	49.895004
11771	49.871975
11975	7.046606
12038	13.670179
12039	13.478022
12106	2.7145267
12161	18.343723
12169	12.250864
12280	22.526373
12284	1.3925569
12359	10.641205
12391	15.312092
12424	28.888958
12425	28.450613
12457	46.065655
12505	1.4110088
12519	7.500391
12539	16.353888
12553	27.610603
12562	13.363732
12586	8.976855
12597	8.862328
12614	2.0979903
12619	2.394593
12653	29.812664
12688	19.943336
12724	20.352283
12730	10.190419
12734	1.881485
12766	2.2110343
12777	2.2696114
12778	12.731887
12832	6.4767156
12995	4.519423
13046	5.1263585
13085	24.337175
13090	25.83636
13358	7.159606
13360	7.54875
13438	1.9392235
13472	9.277112
13514	2.168013
13546	6.44714
13556	5.093066
13579	8.587092
13676	13.917204
13682	3.1566658
13685	51.720257
13722	4.6622863
13886	20.745338
13918	11.186174
14026	2.7028143
14075	14.826385
14089	14.839233
14116	17.90309
14159	71.99007
14173	23.380745
14213	6.8062916
14266	16.268274
14285	9.29939
14286	8.680944
14302	8.929281
14382	9.808544
14411	7.2977324
14422	12.523486
14439	26.4536
14440	26.84714
14452	24.860693
14466	27.749426
14570	7.157074
14622	8.273947
14707	13.753327
14728	49.225887
14754	45.439438
14801	16.745314
14803	16.555958
14811	19.257063
14819	16.722399
14931	9.506852
14952	30.960619
15203	33.256218
15226	25.177872
15227	25.2028
15330	10.487085
15344	33.572258
15351	36.96856
15442	0.93087447
15595	20.34416
15759	12.385454
15786	9.948282
15849	4.3128433
15863	3.4319625
15877	4.4610395
15891	11.215557
15907	4.2424083
15923	3.2202668
15930	3.2172217
15933	7.8341417
15934	7.6093407
15940	8.364238
15953	2.8851671
16013	12.792514
16021	13.094758
16094	4.4799433
16118	28.05606
16219	6.4191732
16289	6.0743723
16292	5.6198754
16449	14.022311
16492	14.11672
16555	5.734703
16571	5.670485
16646	9.922041
16650	32.9759
16769	14.246969
16813	7.5607824
16820	6.42717
16830	34.48264
16857	22.5367
17044	3.223394
17047	3.222303
17124	2.5659475
17125	8.893866
17136	12.983865
17177	4.6257305
17251	3.0397615
17297	7.5958204
17343	37.27768
17409	25.150938
17418	82.001564
17467	10.814523
17551	6.0205474
17554	18.22271
17574	7.6796207
17577	7.2243643
17602	6.7398586
17604	6.4161816
17606	4.105732
17632	10.982349
17642	2.5434499
17647	3.2943816
17727	29.819548
17743	5.04175
17772	37.038723
17773	37.034172
17801	13.163989
17829	14.7150545
17833	13.655972
17853	37.22966
17858	23.73244
17914	16.332294
18003	20.978638
18068	7.676834
18069	6.734227
18102	4.833621
18116	13.2351
18143	41.699596
18191	3.965982
18195	2.467979
18227	7.886774
18239	8.199932
18315	10.772027
18328	27.091509
18398	15.427015
18430	7.583989
18498	10.285959
18623	49.459396
18638	59.898064
18645	17.288568
18708	46.01013
18720	52.035286
18727	4.369749
18729	4.504732
18774	25.708559
18833	6.870869
18880	17.909786
19022	30.28198
19047	15.994974
19063	15.59972
19066	16.162434
19068	16.166626
19069	17.379673
19078	11.870361
19115	1.3954027
19116	1.3608587
19117	0.9768745
19201	40.595333
19299	6.0489
19302	1.6421278
19307	18.381989
19314	20.228357
19339	2.74136
19373	13.822643
19437	11.451018
19438	11.149427
19455	15.751139
19488	2.5096738
19493	10.817337
19515	2.380236
19517	2.089536
19592	16.894554
19606	5.845008
19623	8.280242
19979	5.0012317
19988	15.170994
20013	11.108727
20108	15.154867
20119	8.452205
20161	21.92399
20267	9.487184
20308	9.185359
20313	8.820556
20487	3.330966
20501	2.6458728
20550	2.4501476
20555	2.888815
20564	16.515833
20577	4.0699897
20631	7.6239843
20637	10.862882
20706	4.3145823
20737	6.442364
20744	5.8913035
20762	7.5590878
20770	24.684433
20850	9.551297
20851	9.3139305
20892	30.600893
20912	20.598967
20949	12.368283
20981	20.332624
21080	34.157845
21082	33.75205
21084	32.9037
21147	22.92445
21163	16.954855
21165	15.566849
21185	91.92065
21199	14.791957
21241	5.857099
21331	1.302949
21394	7.0034037
21412	6.551257
21551	16.560709
21560	16.377205
21572	5.780354
21606	8.713959
21611	6.944495
21639	3.1712685
21651	3.1469917
21675	9.734359
21753	16.766253
21765	3.4635172
21789	44.73887
21805	32.027283
21814	30.93084
21821	18.37256
21883	8.381579
21906	9.38101
21960	4.3453727
22031	10.108131
22046	41.76199
22056	5.234333
22070	19.801174
22257	9.49555
22258	9.885264
22261	9.673571
22278	5.8245244
22295	2.6252093
22324	6.039759
22346	10.24919
22373	10.0955515
22416	8.520068
22444	10.087332
22480	25.826925
22604	5.86855
22642	2.0427015
22666	11.8618145
22693	21.8116
22696	7.3379536
22733	3.5904489
22757	4.0312743
22769	2.347438
22886	11.480986
22926	2.493146
23029	25.982225
23078	4.372173
23115	19.606092
23156	19.145634
23174	17.900223
23185	17.61701
23235	3.0544705
23261	3.758985
23281	3.5795107
23317	16.884706
23353	13.298656
23377	8.796651
23413	9.992034
23440	6.9432325
23550	40.513016
23564	4.6301193
23568	4.7021623
23574	12.791669
23579	1.8636613
23687	15.805582
23906	22.651812
23918	23.21942
24048	16.682344
24128	3.9791207
24131	4.3327537
24315	35.99716
24338	3.4994917
24409	1.2967465
24599	3.5805283
24616	5.337888
24748	5.2311425
24764	1.5803716
24765	1.5859818
24789	4.2366176
24839	23.98496
24884	23.070333
24929	24.964813
24935	26.377089
24937	24.50529
24985	14.351133
25021	15.259861
25094	10.579625
25141	12.09662
25156	7.284631
25343	3.016852
25405	18.679943
25418	9.28541
25465	5.585196
25470	5.3160877
25487	13.410953
25517	11.434527
25582	3.9786558
25677	35.41986
25694	33.964565
25723	7.386853
25725	3.880826
25732	8.168286
25733	6.8862195
25740	8.432333
25765	21.906328
25807	8.047852
25829	8.927404
25845	9.9617
26091	62.015408
26142	24.599773
26185	11.698632
26187	11.719503
26200	5.6171784
26218	6.2971716
26251	15.096123
26270	0.82857287
26310	18.54368
26321	7.1472588
26351	11.017545
26533	4.7377567
26543	19.730953
26596	16.74268
26605	7.172188
26703	22.533283
26832	1.1564107
27065	12.814418
27077	32.96775
27078	34.56469
27129	1.7961307
27171	2.4096286
27191	0.79945517
27310	10.248061
27388	4.540773
27393	24.063116
27404	3.3660688
27440	2.774534
27498	12.2795725
27526	2.3076007
27538	10.039608
27627	2.315571
27648	28.131044
27650	29.53891
27663	1.8014555
27765	14.435271
27793	15.451757
27811	16.716537
27812	16.000916
27829	15.946165
27884	3.8380585
27930	34.344604
27988	8.601018
28028	4.2024283
28057	9.260614
28090	43.690327
28120	4.4517455
28140	7.6799564
28153	11.612218
28173	18.013569
28221	6.8612003
28229	8.494672
28243	3.6911955
28249	5.415403
28305	16.421816
28350	7.104289
28437	22.099081
28485	14.099042
28504	4.106249
28702	18.659748
28769	16.35237
28785	6.585805
28792	15.83993
28809	2.4429016
28813	7.1423845
28841	91.56112
28870	8.537877
28901	9.3917675
28929	4.833481
28944	19.330523
29054	35.32269
29155	18.066902
29156	18.509531
29235	18.62639
29236	18.077093
29327	3.9558
29391	17.169897
29420	72.19782
29426	78.48546
29487	19.60375
29488	18.995266
29500	21.468594
29515	20.362772
29516	19.053312
29604	53.005127
29714	1.7612078
29836	39.17363
29847	27.991135
29857	4.069586
29862	15.1740265
29885	13.759926
29983	3.1587558
30027	2.563821
30035	10.146677
30134	13.693099
30157	11.886104
30251	24.276133
30343	17.299782
30396	7.9693832
30431	6.631335
30444	15.75717
30504	15.204575
30520	6.3556266
30553	9.001875
30860	3.627757
30885	6.1386333
30887	6.1830506
30904	1.6982949
30967	10.215001
31085	18.16364
31106	16.45273
31110	18.336687
31205	1.4874289
31254	11.974977
31265	14.651507
31271	1.9614441
31367	1.3279014
31402	26.443125
31433	22.099655
31447	24.626966
31464	11.998074
31499	8.975012
31503	8.927788
31604	1.4346416
31656	10.510225
31676	1.2230992
31685	0.99788773
31781	5.3093944
31875	7.4659967
31888	42.53767
31893	4.2534785
32008	24.761972
32013	24.731869
32035	22.196861
32093	5.1615796
32095	5.8298264
32124	14.337663
32157	9.08249
32159	7.9328384
32169	20.690683
32174	19.204317
32184	8.644119
32192	22.448473
32204	22.194202
32225	5.1055365
32237	40.65034
32259	3.0252967
32310	10.443152
32394	6.051184
32403	10.221113
32422	11.797759
32514	17.560205
32633	4.215442
32669	6.2233133
32747	6.7795806
32778	4.407452
32816	17.819662
32844	8.215312
32848	8.146849
32985	9.353964
33015	7.667118
33037	12.5700035
33068	1.4183261
33133	11.958421
33140	14.089121
33162	18.931784
33189	17.174868
33237	4.9837027
33272	3.6980624
33293	4.73742
33294	4.6461706
33295	4.5369973
33301	4.295003
33386	5.148199
33388	5.18442
33398	23.604448
33430	4.241948
33525	15.861277
33562	2.2719522
33581	6.6046505
33662	2.8963425
33709	13.754961
33753	8.063428
33762	18.024132
33804	20.047747
33941	10.690827
33963	5.6420307
33967	51.756477
33972	7.1744747
34040	8.731768
34049	5.1781297
34054	19.893244
34084	2.129259
34116	4.4087462
34124	22.772682
34151	0.6744509
34164	13.871678
34178	21.236788
34255	2.4633822
34298	8.253184
34345	9.138465
34350	7.914873
34389	7.359762
34392	7.5405664
34644	27.940687
34758	21.408543
34789	17.892843
34836	15.789213
34979	8.985886
35023	7.3826265
35024	7.0801105
35085	3.7080593
35095	25.24269
35247	11.882417
35252	12.434229
35258	19.512344
35261	19.795044
35355	6.669473
35401	67.93351
35402	67.93669
35437	2.8874104
35440	6.141549
35485	10.984523
35532	6.9555435
35550	14.713885
35551	14.25699
35552	15.178814
35561	7.029586
35600	12.950175
35604	14.490338
35658	45.236477
35661	14.546403
35677	20.301476
35711	8.037893
35723	10.329928
35842	1.7764194
35849	6.9415903
35913	25.218367
35915	25.182848
35983	5.4542837
36047	70.961876
36054	7.7093925
36123	5.732174
36151	2.5856009
36166	6.8819003
36193	29.402514
36225	14.169089
36260	3.8848152
36262	2.577267
36263	4.0129423
36392	9.741956
36436	10.129134
36640	6.8299017
36694	16.801176
36734	7.8474226
36777	16.117556
36863	13.114118
36868	12.395624
36873	12.34737
36883	1.1545236
36940	14.071359
36946	14.045317
36961	14.08594
37024	19.501348
37080	10.622851
37087	10.6262045
37116	2.3109677
37168	4.502745
37172	3.4241352
37196	6.094602
37215	20.369793
37259	15.504179
37310	22.07589
37344	19.215906
37433	3.8358445
37447	6.0622277
37454	6.5829463
37554	4.192848
37613	1.1935911
37615	1.5163274
37664	3.2363515
37753	3.4136896
37831	30.140776
37913	6.231433
37943	47.574333
37945	47.52308
38019	7.6163864
38268	12.07151
38338	8.819975
38393	12.538551
38394	11.328187
38578	8.924537
38580	8.886266
38583	9.022142
38584	7.874174
38715	13.268772
38747	11.902845
38758	7.9352093
38771	20.014286
38822	30.117197
38839	96.72134
38849	81.67277
38865	4.6224213
39025	6.4939
39027	8.391629
39044	1.4818823
39118	26.4285
39123	8.261601
39127	4.3472304
39161	19.684893
39170	41.291534
39189	29.672503
39252	14.709693
39264	13.128177
39418	6.9238687
39422	8.2760315
39446	13.866439
39470	13.729135
39499	7.450184
39577	7.8326693
39579	8.19235
39604	8.716701
39701	5.5318246
39716	32.714977
39732	1.7690549
39885	34.756443
39981	8.598374
40022	12.899089
40035	12.929533
40103	7.5269384
40205	11.748074
40276	30.18616
40287	24.85022
40313	6.444183
40353	47.911007
40500	22.907686
40522	21.25569
40558	22.8452
40587	8.78672
40606	1.005677
40633	13.3845005
40652	0.93973863
40653	1.0543237
40668	4.1920266
40669	5.28435
40691	4.9458804
40715	17.992558
40723	17.47876
40759	2.1413524
40764	7.8185816
40765	6.7532887
40827	25.451534
40884	11.433006
40909	4.0175896
40946	16.170084
41035	12.078221
41044	18.290363
41088	1.4603517
41093	1.3231771
41095	1.5991483
41121	17.904135
41140	4.043224
41141	3.7101269
41150	2.4262016
41167	2.2410364
41238	2.9079711
41398	20.426119
41415	27.570196
41416	26.02751
41529	3.1987963
41550	40.738186
41741	30.871126
41752	5.5325623
41928	5.8753023
41973	15.549728
42054	12.0073805
42063	8.299733
42091	5.361448
42092	5.379766
42144	34.4598
42249	5.6897917
42268	4.241059
42407	7.924428
42428	4.2841754
42487	11.369004
42504	13.836906
42534	12.1865225
42614	6.132889
42698	21.347164
42847	21.53649
42911	5.1857963
43018	5.3472366
43131	8.8299
43230	8.434479
43259	7.6668615
43269	15.018505
43281	83.11269
43290	11.94611
43442	4.5772758
43476	5.94108
43606	23.595201
43789	2.6185365
43790	2.5641072
43865	24.320837
43884	21.699112
43892	23.479073
43904	66.07191
43927	4.8390017
43964	10.08351
43991	7.5941668
44007	19.732891
44035	10.70727
44085	1.8291237
44148	17.01141
44162	7.001934
44341	4.885631
44353	36.357944
44363	35.052273
44417	4.047164
44418	4.420237
44482	20.044424
44484	21.1231
44487	25.413525
44559	6.9279113
44677	20.18284
44713	5.063681
44726	11.46955
44762	38.165314
44782	5.7011914
44792	7.6578655
44936	5.626898
44948	10.208813
44952	13.108531
44988	3.2572112
44993	10.546212
44994	8.658508
44999	10.538465
45001	8.678281
45110	3.1503797
45181	15.590776
45204	3.2073617
45206	3.0281858
45274	5.374534
45287	6.986458
45343	17.585756
45374	85.677345
45399	58.00181
45441	20.628065
45512	14.217098
45515	12.299857
45516	13.087712
45517	12.798632
45549	13.462544
45652	35.380417
45653	35.393673
45669	10.500504
45679	8.277291
45689	27.465366
45707	1.8166387
45752	14.353157
45803	8.062939
45832	3.0341
45930	14.45983
45973	6.114507
46112	1.510325
46130	2.1171262
46143	13.328933
46171	1.5562212
46187	2.4673688
46402	27.772158
46404	27.805975
46447	7.6639175
46497	3.4861574
46545	14.987089
46559	3.104773
46580	64.1879
46632	1.7511289
46635	1.7527053
46638	7.1635685
46691	35.66997
46723	7.7379723
46761	36.853176
46805	13.4176855
46860	22.341532
46917	6.097063
46950	2.1910126
46954	16.517614
46995	0.50604784
47050	6.7925606
47058	6.0886207
47103	12.680277
47136	8.052009
47177	9.783369
47504	19.81299
47512	7.615984
47545	0.47839403
47605	5.556459
47682	80.73029
47719	0.9660903
47762	8.25948
47795	7.17262
47849	27.553328
47851	10.029474
47870	2.54038
47888	6.3598723
48044	5.2115846
48086	42.40005
48100	17.470922
48137	5.679425
48144	2.8252535
48157	14.272236
48235	4.6966467
48282	43.687466
48354	11.294132
48366	10.979332
48401	3.2418942
48410	24.145008
48433	11.260926
48466	6.4189806
48480	12.630351
48485	8.038725
48507	10.053416
48519	13.996642
48535	2.5256379
48583	17.70149
48601	36.024628
48625	5.7303324
48634	15.0415745
48708	25.355072
48981	8.210971
49030	20.370373
49068	10.990511
49090	7.013563
49132	3.4296503
49236	3.288865
49237	3.2904816
49306	10.053482
49335	14.763545
49352	13.664356
49373	4.1024723
49393	25.146006
49522	18.98168
49569	16.448278
49676	9.337127
49690	18.601915
49703	3.4869266
49737	4.542494
49739	12.545092
49748	2.577915
49750	57.855602
49755	41.08944
49787	4.67221
49806	30.802309
49810	8.907595
49931	9.613824
49934	18.0578
49969	31.927006
49982	7.675596
50082	13.187407
50105	2.1641943
50139	14.334676
50150	8.985349
50243	8.100505
50245	8.709677
50368	6.4740505
50369	6.4788947
50372	15.090551
50381	13.445961
50393	13.837194
50485	4.7882576
50550	8.278713
50565	18.062199
50570	16.777802
50587	10.745425
50596	5.69148
50667	18.969206
50698	20.496958
50817	12.753234
50894	3.6718588
50909	5.7786965
50984	9.313534
50990	8.411922
51053	1.6215932
51083	1.3624854
51099	4.9293456
51100	4.6117134
51178	12.898532
51335	10.419166
51351	11.517787
51356	31.270367
51470	5.339087
51488	8.961168
51509	17.37022
51524	17.131456
51553	26.163334
51683	28.068153
51687	52.19346
51700	2.7138686
51702	2.349318
51740	6.4825277
51781	8.31596
51795	9.520646
51807	8.778121
51890	21.344988
51941	7.975131
51952	8.40214
51953	7.778515
51967	9.056397
51982	6.015223
52040	11.659683
52042	12.990292
52045	12.37369
52070	10.376214
52128	23.59377
52139	7.940708
52164	13.650099
52275	6.7261634
52284	5.8575773
52321	65.061775
52327	11.731018
52546	37.27829
52561	3.134027
52570	8.203445
52581	7.7993984
52611	12.0472555
52664	23.349146
52706	19.896692
52739	1.4241273
52743	1.6238945
52843	8.520781
52871	17.570417
52920	18.709133
52966	10.663652
53004	16.838459
53036	15.613613
53075	13.28616
53146	4.339573
53235	2.967943
53247	5.800866
53280	60.369633
53326	4.1913843
53494	7.8743753
53518	27.731918
53523	23.607113
53675	4.9103246
53684	9.532185
53839	8.058418
53871	8.845637
53874	8.460594
53911	14.18397
53968	12.649219
54090	7.349045
54107	6.9128036
54119	6.656041
54120	6.2301373
54189	8.508551
54200	14.447937
54216	68.99812
54376	5.1601005
54400	2.5405555
54465	1.6256032
54472	2.695257
54473	2.2740777
54481	7.8353395
54482	7.8273363
54488	5.1652
54512	25.19866
54552	6.345555
54564	6.35715
54565	40.570084
54630	27.828701
54731	33.912888
54739	24.981419
54748	4.8387666
54859	5.8986154
54915	12.0483055
54929	20.6557
54952	3.8240428
54953	4.313769
54957	3.7211852
55021	9.263994
55027	2.0167491
55035	1.9231589
55190	7.6588564
55226	27.897146
55267	28.942879
55287	2.3394387
55296	41.64044
55550	7.9430847
55632	4.798506
55650	4.0457478
55665	4.4314275
55795	8.517998
55849	3.3949914
55885	9.930329
55928	15.616821
56010	52.659824
56011	46.10714
56040	11.023222
56060	16.192322
56072	10.139435
56123	32.413387
56142	15.970066
56152	11.332338
56302	5.9755135
56315	6.4585543
56333	6.152492
56403	3.4068832
56499	2.7707007
56618	7.92447
56661	10.638463
56689	13.065358
56699	7.5249443
56899	59.31672
57012	53.59112
57056	3.22094
57059	3.4071636
57071	28.232119
57141	10.047762
57149	13.112385
57228	27.424662
57229	28.434996
57230	31.014492
57295	8.780667
57365	5.6977158
57372	55.853638
57383	1.8024325
57508	1.0580156
57531	3.7242665
57543	35.857677
57555	23.785696
57559	7.1854877
57653	21.526335
57656	23.719402
57746	13.466756
57838	11.9502125
57845	54.578636
57850	54.52812
57889	13.0097275
58064	3.2102227
58087	3.21909
58093	3.6671224
58102	4.0920963
58137	5.695023
58192	10.498604
58202	9.416846
58203	10.456812
58235	9.270445
58237	11.206003
58281	10.720665
58284	9.754513
58285	8.469151
58286	8.673631
58427	15.891363
58430	2.2720544
58529	2.4312594
58674	4.76141
58715	16.224249
58749	3.832037
58813	34.679314
58841	3.3720112
58962	11.61597
58971	4.43895
58975	11.094866
58985	4.5172014
58997	3.1219735
59014	3.4926624
59045	4.905683
59066	6.8051095
59068	4.6384544
59113	8.2874155
59176	3.8587356
59300	7.1709595
59395	12.531861
59411	11.7521515
59442	6.5033817
59486	20.215084
59625	15.285135
59632	50.618717
59689	12.60914
59692	12.29702
59762	21.942394
59813	4.5005555
59818	4.363531
59826	12.750368
59827	12.378398
59888	18.476206
59916	26.300844
59953	8.485597
59993	6.20858
60031	3.702211
60041	4.872398
60060	6.2711716
60128	5.18794
60144	16.2952
60169	16.926588
60223	6.0821595
60240	5.3116465
60244	4.0419292
60297	22.91308
60495	6.5395255
60510	5.3971567
60543	14.285834
60587	13.029833
60594	1.4415822
60682	9.137494
60729	31.905052
60741	6.4504757
60753	6.622928
60775	1.6288049
60802	17.838152
60806	19.014454
60835	21.9878
60879	19.323845
60903	6.5169907
60908	11.312786
61001	58.523624
61024	13.869093
61025	16.431211
61034	13.8407955
61035	16.493261
61048	14.404187
61105	8.772954
61174	30.158049
61291	3.8832917
61300	14.193622
61332	5.8746
61416	0.8567766
61470	17.89256
61475	17.505857
61538	7.052724
61543	1.1864018
61602	33.749928
61625	10.971934
61635	9.92446
61675	13.274771
61730	9.609862
61759	10.0789385
61794	5.204805
61800	4.4816437
61803	4.87208
61825	8.83017
61844	6.967814
61923	3.269824
61939	2.907658
61974	23.937244
61980	20.373852
61989	21.307064
62029	10.468834
62059	4.3962703
62062	4.8478875
62124	18.891918
62136	1.7476187
62253	63.16133
62281	10.217248
62282	43.1603
62360	22.349373
62442	44.109943
62448	35.58274
62457	9.322653
62467	21.295303
62519	4.1347833
62539	16.789564
62591	5.5855255
62619	2.8634572
62672	12.027983
62737	7.2955284
62753	4.048353
62763	5.185509
62951	36.49273
63016	6.4531336
63037	14.034183
63046	13.055683
63076	5.0366826
63110	18.001783
63164	22.757927
63272	1.6192188
63382	18.272566
63427	72.20338
63471	12.526294
63684	23.855688
63700	6.0982614
63743	8.615231
63747	4.2632976
63778	4.9454017
63798	6.3771224
63817	24.96103
63843	18.475685
63873	4.3184123
63885	6.633147
63911	4.5575
63916	5.0755196
63918	5.8812547
63947	3.021686
63961	11.2938
64034	7.008546
64056	3.0591307
64092	3.5185947
64196	2.5061646
64239	16.529589
64263	36.96298
64345	20.97838
64359	36.747417
64367	6.130923
64472	10.660013
64576	12.053994
64581	4.7068977
64656	15.275869
64660	15.437029
64749	44.418545
64751	67.26527
64766	5.3654466
64868	10.848535
64870	9.558752
64922	7.4691143
64961	33.762573
64981	1.5840411
64992	2.1277158
65008	17.126957
65021	16.451103
65045	6.8423467
65054	7.7144337
65074	39.360947
65114	8.239552
65173	1.5746474
65324	4.5429597
65360	31.272232
65394	8.432038
65454	14.459563
65480	34.336964
65487	1.2404611
65494	6.0415745
65659	14.313741
65704	50.545937
65868	21.187172
65897	8.693238
66061	10.550235
66096	18.048803
66201	12.200231
66238	9.434644
66281	5.490284
66288	19.96042
66412	10.580815
66467	28.130817
66504	26.849005
66522	43.744453
66552	9.715602
66668	5.6909146
66708	52.534313
66749	7.39585
66772	4.509622
66773	4.4227715
66778	4.1511793
66784	4.1456985
66812	18.09157
66860	17.926727
66864	19.140017
66918	12.595384
66959	30.967218
66969	28.662888
67040	8.683317
67041	8.2957735
67044	8.125819
67083	9.681465
67150	16.150423
67156	8.4436245
67179	10.525691
67226	9.03326
67282	41.036697
67286	50.004642
67291	19.728003
67327	0.83716154
67328	3.9522133
67372	9.363806
67411	10.713742
67524	11.458032
67543	11.361911
67544	10.63201
67545	10.611332
67578	10.730423
67579	11.019247
67593	8.722877
67599	8.525819
67623	8.807541
67627	8.9916115
67699	3.1019468
67706	3.198278
67707	2.6492794
67838	1.5049112
67845	5.8030763
67850	22.647644
67872	9.440434
67874	7.518367
67876	13.187603
67880	9.127509
67925	8.789632
67972	40.638607
68019	9.138847
68113	7.3154736
68119	7.472314
68128	6.922123
68231	34.86389
68397	11.036995
68408	9.87067
68411	11.08508
68571	17.409739
68579	3.5966558
68605	5.1701856
68661	11.328472
68698	20.540134
68755	16.93741
68761	16.556967
68803	85.36701
68890	14.247816
68975	9.839422
69010	12.6307955
69051	19.622814
69121	17.114868
69145	18.064598
69146	18.737368
69158	11.077247
69179	6.683049
69181	6.2749147
69198	6.4924226
69363	10.267618
69383	26.493288
69394	26.513508
69436	11.324798
69589	19.119436
69717	9.458474
69721	10.659524
69750	7.1358194
69775	3.1958094
69790	9.784861
69874	4.5980134
69886	9.65436
69889	8.777556
69916	7.496669
69952	4.2938895
69991	6.976667
69994	31.773872
69997	68.06478
70056	5.765197
70084	2.7822573
70150	15.811083
70203	20.736174
70304	6.8659954
70320	30.246265
70341	2.953739
70371	12.523183
70416	19.185482
70456	5.5339293
70476	5.1440606
70493	6.816016
70557	1.739896
70686	23.07503
70693	5.410475
70798	3.737239
70994	6.101651
70999	5.669653
71039	13.121801
71043	13.271776
71086	17.341717
71201	55.571175
71209	29.071432
71269	45.552853
71276	11.521358
71299	14.6846485
71385	16.277649
71396	7.4920797
71433	7.091736
71546	13.568479
71558	4.0155687
71565	12.742994
71678	9.158687
71680	9.9471445
71729	3.918385
71776	5.2014813
71854	6.8630896
71931	7.2517166
71948	9.031817
72055	46.73464
72252	10.148771
72263	4.472561
72269	4.4905143
72407	10.07463
72429	9.555809
72476	4.7867064
72484	6.739076
72487	6.7417397
72561	38.275948
72683	16.582653
72720	18.510303
72764	4.338457
72887	22.773806
72929	8.321235
72952	5.7353587
72981	50.44179
73055	8.163519
73138	28.830914
73190	7.3724165
73225	1.6201444
73234	13.223483
73261	2.34159
73274	2.632443
73276	2.4969795
73282	2.692851
73431	7.35773
73525	7.8324137
73588	13.135727
73591	16.223148
73649	16.27144
73686	7.7377224
73707	20.08813
73733	5.3644648
73738	5.7135754
73763	5.2810855
73784	19.706938
73880	13.195452
73887	1.0623822
73931	7.0814915
73940	2.1275892
73966	6.941675
73990	7.739831
74022	7.0467224
61496	36.58119
11262	5.691058
33289	12.339388
70230	15.950588
64950	2.0581691
62449	40.54252
11206	59.592915
26072	41.489525
52601	8.045563
24453	42.718567
64960	4.450381
59225	3.5641875
23794	6.7850266
6135	33.833385
4252	1.373498
45120	12.4968815
52290	13.196941
33681	7.392606
8075	9.733216
55597	6.138015
65422	7.007165
69520	22.701847
7023	15.850292
26775	7.068529
15908	4.2279277
3424	15.18821
73548	9.844329
14427	8.947408
3865	5.9544306
60881	18.218723
64572	7.9125443
64843	19.660349
41185	14.229573
13575	3.4029517
45351	4.373684
17732	31.758476
40650	6.3456597
47195	5.5491476
34952	6.928786
51543	32.870434
21154	23.296328
31702	2.9271386
17086	9.536682
22143	23.661022
16844	21.090229
21744	8.516378
34499	22.270573
4860	3.4851298
36702	14.689093
23352	14.447887
19474	9.988812
63998	48.046818
23411	9.704862
49881	8.646594
7775	2.419148
62057	2.9239428
21022	6.851306
58956	7.812171
43814	10.172269
28356	11.729989
47481	26.497295
11204	59.95239
19579	15.982519
46584	34.0561
19287	3.9318233
60468	9.04194
27989	9.943136
67020	13.244014
28046	12.61184
68265	8.5854225
22618	15.634754
36203	9.346549
22976	6.634893
2377	3.7644472
14103	25.455757
45587	13.036097
44885	1.7857368
41710	6.645999
28490	14.250117
33148	20.601639
22348	10.8035
47962	3.5512533
55937	16.169432
26104	19.371689
41666	17.515535
17495	82.33652
52302	7.5047207
67060	10.103628
39565	6.3768187
21054	5.7707014
26409	22.80295
19496	13.066857
66110	3.1243305
4934	35.286957
18853	10.753969
34548	8.608339
23420	8.79175
66108	4.5750093
11838	8.928947
53623	1.908936
64657	15.841553
62306	22.456463
43130	6.98751
8546	10.403228
23769	88.11769
51230	11.390618
22117	53.224823
27502	3.1989827
2316	27.840271
48175	6.751779
73200	9.298854
66205	13.888171
9219	9.756428
64456	5.1574106
52760	50.472435
33348	5.199242
19326	23.023031
54294	13.104978
39969	3.1830878
72938	82.68312
25648	16.019855
11560	18.2507
66851	19.583178
29895	13.474508
18590	19.16214
60632	36.002464
28137	8.406821
15850	5.056494
9606	17.25275
3489	13.790316
31211	36.491
34431	13.31266
63516	13.178842
64797	17.185162
71718	5.6107717
70713	14.638821
52453	7.029971
23095	7.466838
44330	10.967634
71552	19.52245
43562	5.2375097
55459	3.2883878
20050	9.298102
9190	20.047707
7434	17.854261
8933	9.738661
39557	7.752882
39724	5.7675977
41918	2.3108692
26899	17.612612
35383	11.448852
22154	18.64467
44676	22.161728
21373	3.1374025
40878	10.913959
64940	2.959513
30205	17.98957
44140	19.773834
2470	10.45016
53112	6.293733
57800	12.294321
58660	7.063218
19222	6.254106
5387	23.200365
20715	7.0413046
63794	7.275408
53804	6.67885
13091	23.70843
7465	92.12891
35203	6.962735
59803	16.6214
32417	12.229251
73290	15.098469
40560	25.649464
15440	3.4787202
55111	14.946596
64159	10.927732
7588	26.860022
10118	4.4972177
41602	3.8543873
7165	13.237706
61367	21.758081
73382	22.116383
22147	23.217415
16112	27.125153
22822	18.834446
37140	3.2126756
18202	0.7902751
13883	3.997097
68904	6.1118746
12416	29.891672
44822	4.601601
31309	28.720999
51173	13.946904
38273	10.533716
44854	3.46704
46033	9.62408
33385	5.0816607
14229	1.140929
70641	6.6958456
13487	9.536448
10695	42.060204
46265	23.780457
27759	4.5373507
69393	26.369274
36897	7.428216
37326	19.061087
26381	11.845487
58486	3.80939
43145	13.794766
47613	11.74893
69485	8.241571
15642	1.6703877
23882	6.5560055
7371	27.443855
7859	5.67975
20894	31.752132
2186	56.421417
36699	15.180412
39970	2.910902
54031	13.324291
25023	16.202194
42334	5.052716
21360	4.9491873
10243	35.6121
57428	9.349694
16766	13.871192
8625	9.228109
58094	4.193823
46840	22.228897
68317	71.46353
10446	12.26126
42180	31.883339
20724	6.5007796
65242	20.571602
58440	24.763693
56238	3.9651308
66105	16.051886
35042	4.2176743
63014	13.105526
68315	50.43746
69602	39.035896
7248	7.3225174
64041	10.069001
17331	42.899586
6363	18.671068
7093	30.401287
38756	12.830145
7609	21.0794
19600	19.28238
19067	14.683648
29239	18.5409
43500	10.761399
16627	6.5042686
52331	12.678955
66241	17.527023
15362	41.86443
40252	21.025797
42339	14.94749
48014	5.273464
31222	10.162418
57928	7.4187
46128	2.1725516
67923	3.837676
57987	4.452673
25407	18.649956
23056	11.258918
4448	12.71816
23391	9.813783
18766	25.26846
2925	23.987751
39537	7.8867483
25280	20.557762
42509	11.900822
61391	21.841938
47095	13.383568
41871	19.09232
27333	4.4024563
73127	11.1545925
21479	10.392155
16880	11.382105
69643	25.97447
37248	23.317701
1832	5.2093787
26453	9.9758415
50032	6.9361258
61695	27.529116
59817	4.5969644
12091	4.091515
46328	5.113919
36388	8.448564
46977	24.32542
71981	8.864971
63198	39.257507
6054	16.993238
39177	41.82692
64661	13.921938
34704	21.036375
42237	1.6673093
39007	26.23221
64995	1.4922104
39622	1.353123
27674	7.957164
28746	14.160556
25375	13.462521
19142	10.147287
62582	5.4227595
55276	30.507318
14175	22.185863
63129	2.8136566
22853	6.7195735
46949	24.406204
32670	6.0586095
24069	15.097403
37507	12.983612
33239	4.689257
68105	3.626791
30981	12.146351
4191	23.251448
51353	3.2477646
32029	42.762722
5086	1.4504974
34125	22.031744
59739	24.9052
34193	20.035385
40651	0.9442816
20792	1.906894
2284	9.774899
66758	6.5256343
29202	4.678205
60660	8.131387
70739	6.912123
41976	17.17234
56695	6.9358153
59278	6.160322
47869	2.9681468
61700	8.191388
29525	19.870417
9969	13.964519
16096	4.737693
38494	1.4931502
50117	1.9003096
8942	11.509418
64684	14.629562
25428	7.9685936
48865	24.497496
31646	10.3103895
59387	13.651584
35828	24.629757
7061	2.1806545
56312	7.24205
18912	7.6630554
28998	13.346209
57217	31.59549
41924	2.9883676
15132	29.011549
61745	7.0488987
50915	6.386308
37808	1.8416576
45219	20.950558
21029	7.434513
28373	6.4338303
4532	39.237156
34706	21.329493
18038	25.901972
39488	14.651302
59771	24.915953
41939	65.116806
41287	16.417738
15476	5.5887995
33946	6.3953266
32834	10.12593
31094	17.879309
42751	43.466778
28327	6.7773705
61049	15.022911
41460	7.36353
36683	29.161726
66420	5.669256
40596	22.664953
20670	7.3896914
17248	18.41897
26492	18.622202
19171	6.814738
73988	7.309328
13604	38.649506
2041	13.023587
30775	9.278672
68748	17.054157
63956	9.535441
63540	11.18191
17690	25.356293
69382	26.012388
58195	10.723029
4539	42.00273
64012	41.19676
30231	17.86912
47753	3.0365028
26233	6.4464765
7140	76.033966
26300	17.220484
23038	25.744186
17976	8.212588
15647	64.919266
21655	3.4985342
9643	15.98407
5683	1.9093568
42611	11.225747
15150	1.6104839
73729	3.023779
14363	10.85184
73700	37.656395
43150	12.128936
32729	8.93751
60439	20.157454
73713	16.126827
49343	12.762632
49432	3.522923
23617	16.121841
71724	5.5416136
32246	40.360874
62475	21.268522
55888	27.018213
65521	12.722155
4974	5.5433517
49093	3.7920823
40508	24.32939
24368	23.193316
45892	22.596056
45435	2.4608467
3109	11.349711
38060	76.18468
57316	6.0031223
56139	1.3203602
54475	2.334666
36641	6.844679
17700	5.639943
46985	24.764097
24782	16.276062
9901	15.73122
40929	5.164279
30095	5.905841
8503	4.2841296
23301	16.647163
42161	36.025814
15359	38.096226
60494	7.564994
52910	18.349522
4115	38.60461
71757	4.9006352
65978	15.296581
31444	22.300152
15804	21.986612
44739	8.102055
57846	56.80923
15360	37.30232
60904	6.2972317
45471	5.1505165
63368	20.212744
30224	18.97331
14272	36.389446
12037	13.677735
52391	54.35459
63860	12.271192
1932	6.6139736
72966	10.86491
61180	66.75647
35912	25.000437
68459	35.69674
4389	22.0835
21485	10.31874
28411	22.63218
54768	14.6583
43075	8.733306
60944	13.80555
12116	5.4899683
35676	21.541496
49017	7.224329
69880	4.6203856
69325	17.019749
68996	3.419363
13601	38.18147
13195	11.235366
21610	6.283824
52154	4.9747086
38767	15.457743
73195	10.334916
28835	19.942062
57447	18.499935
39456	13.342424
4383	99.14426
28268	4.6523185
72531	8.9548645
41872	18.024078
2996	5.7455635
37989	31.059711
5164	16.171717
2666	12.425457
18303	8.506198
67177	9.874725
36576	6.7598686
31593	6.594026
64076	34.846733
64844	19.551958
17045	3.0727544
54868	4.3295565
20509	18.63438
25916	4.5946913
4099	43.335712
51043	11.727519
71061	15.302351
5433	6.4083023
10866	6.168311
72832	2.3556352
5318	30.308186
41188	13.43715
34549	8.841562
73112	21.108957
24125	4.836079
29070	17.243357
71008	13.067881
30040	37.07379
48182	20.358627
22144	19.30133
31559	40.130585
39367	7.736725
45745	30.187532
38136	3.4640512
31683	1.2200177
65094	36.498463
63612	40.67398
38476	71.36018
66550	19.395597
72811	52.793465
8589	1.2934432
24710	9.747852
37366	21.774189
22500	9.609478
65585	9.521733
36079	1.9711843
34731	18.95777
34787	18.315022
59703	10.705094
59133	35.667248
8034	17.552698
15644	9.2593975
13208	3.6150994
10329	24.767864
46618	6.1467886
73136	3.2254844
34763	26.997374
26266	0.7699932
59013	3.0765948
69807	4.8560023
31944	4.1508107
65754	9.891439
20929	11.5115185
58677	15.815416
70661	20.356426
6725	15.334906
50950	8.778538
9186	20.527334
42713	24.833622
13367	8.818886
34609	5.3968673
18004	21.02672
69718	9.422652
45460	13.745876
8757	10.574896
65799	14.436886
12006	6.689724
10745	10.676481
70400	20.977726
63022	12.18314
48536	12.37019
13769	8.791847
20898	39.352547
17812	2.0968244
72980	52.93522
34421	6.8160515
23816	9.6293
20177	4.621756
51458	23.090313
47988	5.7633133
61073	17.676613
27527	7.3846617
23463	23.780155
51392	18.953548
57084	4.192537
17763	3.4168148
35013	23.087011
28027	4.3039193
58625	81.53369
47694	24.700703
67361	3.5511742
55373	3.6778426
60193	21.110106
60880	16.378124
45546	15.524544
24078	7.9909153
67703	2.3402114
14236	4.721734
72122	36.178833
44348	33.787907
35554	15.368448
45683	26.879278
23912	22.542768
61647	9.131622
38280	9.797661
43815	10.029427
2006	9.679059
7621	20.481274
53054	17.442245
31857	6.083437
62359	24.319044
4009	2.6281917
17843	15.23946
51057	1.3642657
28159	46.779064
38292	10.592773
69446	18.131454
4175	3.2667022
63737	15.409483
12267	8.736378
17626	11.451033
34687	39.190693
5656	6.9566517
40881	11.480227
50692	3.448268
59270	6.1688995
55063	10.487183
48971	14.497009
11344	26.851618
49302	9.540956
11301	23.08032
55441	6.0170174
19650	9.789096
23199	117.87566
4162	81.052444
68971	11.59427
5380	10.676546
62552	11.267309
19648	8.165806
10463	6.725628
45178	15.608837
3562	16.481182
15998	29.547895
47128	3.4983716
72941	7.1180916
37599	6.080808
45554	13.389522
12304	20.389992
6709	16.094072
18701	15.090204
62728	7.2531366
24500	8.4533825
73362	21.97623
16768	14.360491
2404	7.4156017
48424	11.515013
17069	8.221997
20989	21.263008
49691	17.907377
71014	14.284156
41336	19.859652
57946	24.65154
37132	3.2088494
59488	23.855824
24505	9.788538
9241	29.23107
23927	35.811497
44445	18.49623
69512	25.012117
67424	7.6596594
67969	6.0949254
54180	23.356739
48627	6.3944225
55503	21.379257
6213	2.8939624
73989	7.310253
11364	11.868806
6298	37.877575
2298	7.7718906
55306	9.231204
48700	3.5413876
64296	8.647905
6295	36.768906
25587	24.20282
57419	3.0323486
61840	6.0241394
18412	26.493124
16753	12.940345
73669	4.045581
50136	9.7741785
62612	53.89638
31023	12.273675
3205	13.048361
1723	3.6064563
19057	26.512785
67641	23.337145
45607	13.37668
40726	17.190533
57353	7.928216
33852	16.848991
64225	7.0778418
23334	20.752861
42524	11.037446
53850	21.412912
42109	6.7398324
70890	6.9455442
71553	5.959046
40571	25.984917
51175	14.50754
28126	4.396776
64000	48.58011
11092	3.466833
55403	29.170925
44697	4.9711914
25404	20.31363
23983	6.803688
12336	4.4657173
26005	51.393745
4910	21.738611
12415	29.898523
17088	10.722169
40943	16.176754
37825	19.899805
43752	6.8764033
31565	37.707798
32381	16.068644
50525	3.1270204
72280	7.000595
55602	6.8478274
17983	9.728035
51567	6.6686487
66518	43.597176
28322	6.4312773
18805	5.815585
52804	9.53521
54629	26.371431
61673	16.059843
69087	18.529488
31439	6.2488914
60766	6.9755335
40709	17.937471
66065	15.893326
54343	1.0002832
12303	19.90647
48421	12.487475
33481	21.99021
56726	20.374178
13081	10.709228
55700	20.789736
43031	25.386353
4741	16.935247
53837	9.196951
6118	25.164745
35390	9.63618
56357	6.0416164
37377	24.272503
67147	22.683857
5834	3.637251
73762	6.106258
11202	12.283634
9436	3.388466
32689	1.6187384
57601	9.793982
69615	6.634012
64077	36.987514
54575	9.65579
48895	20.417381
45658	11.545209
53546	17.772192
59296	9.53829
63135	8.754157
69781	3.259417
40930	4.204143
54113	6.8136683
41734	32.767838
40941	11.421685
69120	17.449507
62570	11.134085
42576	11.094284
40801	4.4993277
12545	27.589546
29717	3.7960224
33888	5.377885
40860	8.21212
73472	16.116747
41930	3.7700758
71221	54.257965
72869	55.15958
24468	10.425857
42589	11.230575
54730	30.595
52287	5.5641403
26139	24.3742
9350	8.125994
26912	12.18122
12608	6.135647
29164	19.99075
54997	7.1510506
59924	16.55449
35737	23.37128
39686	27.696243
52298	6.1390557
37787	7.5030603
54413	10.627848
67917	3.7248812
46945	24.213776
13723	4.6605806
43679	22.839466
60653	37.06545
62716	7.8206215
24262	88.39544
14475	8.175834
32793	5.2554913
39270	71.184265
49324	80.39527
40957	16.717936
3549	8.965459
28334	6.7299223
72937	78.4564
66413	9.522171
18971	10.706003
35898	25.442558
63271	1.6134009
45868	11.125781
38694	12.471771
64289	10.324701
22846	6.7433443
31270	1.5150266
27700	8.189315
12498	1.8753276
69965	5.286226
71650	8.579623
51845	9.870209
27442	3.228764
67421	8.022523
65092	39.242268
62724	7.395053
37098	27.48373
31688	11.455796
30296	13.857797
27033	8.528693
35851	6.9262605
8049	9.057764
40984	13.693335
70536	41.22823
20848	9.29841
12522	7.8023815
25408	19.974323
14889	4.073756
24883	22.067877
62914	25.666687
17448	10.862121
48187	11.189672
10727	13.491883
19296	11.856251
31729	19.58014
55952	13.87733
48959	13.819563
69050	18.613556
21667	4.683113
10715	10.428279
22270	10.081302
33587	6.4396625
70492	6.0240355
71846	15.558722
40658	12.193868
22758	4.4549828
34299	6.6880035
74014	7.070239
31895	4.242136
45140	11.029269
2721	11.60229
52711	3.0865388
66434	17.7071
40305	9.101986
68351	15.864222
68782	8.383733
28770	13.919161
68092	13.168862
18976	10.187726
8980	4.625746
38082	34.518456
55427	6.012955
8711	10.144578
68627	10.824313
73663	9.703499
22237	10.473451
51111	4.984107
59039	6.051034
58400	17.581358
60976	20.874126
46540	5.748014
8330	6.3614917
73223	19.36284
17610	5.237223
64426	20.02039
53170	25.433409
53564	10.086695
39672	12.994721
24969	24.924314
6663	6.564869
59409	13.263925
71944	12.479335
44606	89.65443
43913	6.6227374
55588	24.989437
63119	18.152056
9717	12.771277
32025	44.8005
47593	5.1981773
4468	26.873442
12353	10.5161
31075	13.827311
50819	13.368805
69130	20.204824
64422	19.092056
52548	43.179577
39719	37.21586
29957	18.903559
17799	68.23559
36972	24.34817
37593	0.8448163
6902	19.843843
29615	6.446649
47527	8.14122
55609	6.3363543
73706	22.915457
23865	6.724734
17831	13.353285
36671	29.18353
21681	10.090833
61903	27.016146
35702	6.6589384
44568	7.1183205
28906	9.269243
26078	39.339706
17650	4.729734
72646	8.487647
45201	3.642065
41497	8.187678
72775	18.447208
39907	6.749842
23184	17.953526
69324	17.018143
29080	15.945105
13001	4.5981383
26469	6.7003627
38391	41.71434
17844	15.494207
20261	34.365105
45250	62.846287
13818	8.559429
15342	10.56565
71313	3.2190928
19718	27.496296
34967	9.080287
30460	14.730946
53119	6.5595155
6685	9.387336
42775	3.2344103
39855	13.801754
3833	16.270452
38497	8.769085
19403	15.1020355
62167	15.40238
9276	17.938402
36784	20.69539
4587	15.305037
69127	17.383049
36254	4.373097
42202	2.5968416
2592	7.198203
16767	13.885317
27271	7.6679344
39455	14.725219
55864	19.157438
40172	8.45245
58699	18.28699
9683	16.757305
37700	7.2377806
18709	45.997337
33726	14.328932
36958	15.434317
60699	72.018814
52067	13.665604
43199	6.0769143
35643	7.6041584
23802	6.7788916
10486	6.9862747
30639	11.0224
54257	30.926208
52660	23.516628
55154	18.84362
44066	17.268894
52742	1.4992893
37365	23.117697
73675	3.476637
36534	10.577635
65642	32.846985
57548	35.358524
18655	17.993698
64308	39.81747
42774	3.0039468
12315	15.021839
71136	5.530744
50509	8.974719
55202	8.018769
60446	36.16072
8777	19.210432
28223	8.291185
2672	4.258172
67181	56.31927
18319	7.683365
13312	15.998596
10216	23.047321
64714	15.84775
23703	15.645681
15791	8.738899
16942	23.801653
20497	43.62884
43035	4.15918
9733	2.6659834
64846	20.776436
26402	9.769986
26744	7.8693876
53505	8.112138
24204	74.59852
12323	19.364109
64295	9.538139
30560	8.510435
23545	2.7427726
25396	15.742748
7254	6.768262
4169	32.73641
66702	17.423155
14426	8.148449
50802	12.62016
30549	6.2558856
45672	11.101807
66431	6.3242393
54008	11.90887
39028	8.280688
27770	7.0427685
36725	4.7246394
16711	10.025971
2453	11.098468
39676	6.936797
51441	14.470352
36655	29.069761
63777	7.0255375
10960	16.63843
14265	25.830772
69930	7.1315327
31203	1.5389969
44560	7.049898
11486	25.384396
50904	5.9989204
47806	16.977732
62834	88.980736
65095	35.532654
35533	7.299961
33313	26.270376
11225	17.568762
36698	12.639616
11644	47.609398
63508	10.305913
29101	15.2700615
10600	22.115488
6536	4.469007
11237	15.1451435
13960	14.157476
10369	22.890501
70113	11.447661
9028	10.319719
62581	6.4611115
7802	2.9211226
14336	15.2559395
23159	20.351185
60805	21.428211
38562	13.818263
52217	4.4756866
20978	15.739166
20194	6.6397495
24317	41.019085
70766	21.648363
42868	11.008469
7382	4.489231
30332	27.26609
7033	16.125013
17292	9.579762
51345	10.906712
43779	23.54481
69180	6.689446
41853	5.121849
25392	1.4087422
20114	42.14331
43929	1.9403822
51432	34.967735
29541	9.140588
33524	16.046585
20259	34.544537
65012	16.701096
15598	18.721317
59297	27.162962
13552	6.4009213
42014	14.970575
6079	16.612623
10939	5.5513663
5057	12.204808
21045	10.337075
7283	16.71373
34941	45.840973
21850	16.175707
52572	8.495104
52765	45.001797
72723	19.642344
52168	13.670161
29549	10.834807
68577	2.9716454
32946	10.61227
31219	6.055799
27298	8.665791
28509	3.81321
45493	42.938072
20397	3.825293
23186	16.665411
28940	18.54313
49156	7.5764923
17317	37.269604
68153	1.7855883
19442	14.316373
30045	36.612003
8274	44.3161
25649	16.12232
41175	35.29374
39810	37.410347
14134	5.4604616
31513	1.7574341
26774	8.27922
31046	13.751193
42996	5.819165
38076	11.758271
68430	15.825405
8233	21.027008
57852	54.530426
37588	21.279682
73648	15.134401
61598	35.83469
8461	22.916113
68178	11.165339
33937	6.9304285
2487	5.5969687
49290	51.061996
28863	15.524282
53023	12.407711
51204	13.351638
10989	20.291037
5900	14.260291
66596	19.137135
28172	17.13408
21542	1.753207
38847	77.79965
33259	3.9354277
17665	38.324654
60776	1.5502551
45411	3.5698256
60946	13.236578
4189	43.276882
42591	11.225309
14267	15.767675
51950	7.7938843
39980	8.378495
39966	22.544632
27023	3.3186965
52502	11.492609
70236	16.103163
54994	6.2125216
32637	3.944325
23732	5.256234
37127	16.405754
73402	14.589599
60541	5.1084294
21690	10.0691185
57528	9.993881
31657	11.476544
49761	8.123292
21642	3.1306238
7196	1.8583755
29474	8.437591
11768	49.894028
53483	8.562516
23649	15.693998
32705	4.2686753
67388	14.937281
9719	13.356567
42013	15.735979
57268	7.116826
54876	21.042044
36921	3.6664195
6922	1.1648192
59069	1.3942285
18187	3.6623964
3428	4.18782
59341	15.191263
2791	1.6026018
35436	2.4784362
58242	7.471772
69015	11.780606
53358	20.280205
47264	28.837236
35612	8.206192
16027	13.919143
20988	23.121677
48288	15.550215
54744	17.547184
73654	7.257494
8375	3.4867573
36391	8.455829
20035	10.430267
68710	4.752022
65003	1.9602726
15643	9.4169235
36737	14.536376
6359	17.865286
4059	5.54511
72568	38.40503
26118	7.7023
10947	16.776802
6931	1.1608965
45997	33.753315
31653	12.179825
67576	11.038947
64429	19.88415
50922	11.798217
4951	5.4442225
50818	12.776958
61061	16.782145
14056	14.811091
60065	6.9692254
56579	7.803302
9468	6.323058
22040	29.570147
40880	11.616249
3482	37.043266
32704	4.385196
58234	8.615576
63410	2.828203
53055	16.972364
54508	25.69066
70962	16.403866
27253	17.344633
16240	10.925064
27669	3.9268112
29808	20.950329
69088	19.886187
23978	5.933245
62316	30.223476
54135	6.95363
7357	2.6011524
10491	14.118375
38826	54.059254
45980	6.943488
59545	30.391542
35831	13.372393
27353	12.402173
39946	84.9655
31042	13.075653
72154	6.530528
53846	3.6326432
31061	11.79151
44504	4.4536934
56838	4.574741
32566	11.553655
38377	3.6759605
47856	9.8174925
54134	7.0499334
40777	7.0051603
45925	9.253339
21729	31.316788
2920	25.015345
1916	30.071367
33424	4.3702793
49593	61.746864
41208	7.2098494
31403	26.797323
64607	23.898195
6467	20.464754
63834	19.554724
43138	9.828679
57134	12.801132
14919	39.843758
66932	15.150953
36378	8.36682
20515	20.237541
66721	5.143871
34689	38.941
65818	15.53208
61847	6.2085924
43487	5.4572544
57649	21.355436
18441	19.445135
32063	4.837424
71720	4.5120234
32405	10.607802
28439	19.95939
42254	5.4063196
23508	13.422761
49442	13.947086
14793	18.55272
68282	71.87228
18243	8.416836
19779	1.6357296
69249	17.066088
49125	3.339676
37895	28.238285
58280	8.208367
73971	7.0336285
22412	10.940443
49935	18.055454
4783	11.35839
48502	8.007505
29082	15.368599
49862	5.617762
46583	62.247528
2612	14.259818
62181	10.814168
70791	3.7682977
6560	4.346023
20167	7.9217987
8458	24.664686
45552	13.222171
47608	5.9400487
54783	33.766483
9240	28.907389
59707	11.006176
25676	33.732822
32795	15.864214
67674	2.6141407
34950	6.114707
47309	6.0555563
11646	46.0186
44443	17.762468
45031	11.055235
48623	6.3492703
58608	10.0363
1807	12.607303
51566	6.997595
59893	14.864697
41940	64.30011
10150	15.382221
57122	7.249894
52221	4.3138533
70495	5.349321
28355	12.317588
25384	10.016278
6472	20.964796
33261	4.012378
32836	10.161454
70507	6.1670556
40965	11.877664
50685	20.559467
20971	12.573992
54377	4.733268
23779	12.442942
15656	56.01503
35352	6.6312237
27813	16.433874
24063	15.3346405
30339	22.325058
10215	23.26051
26862	49.81159
17566	19.516184
34420	7.119422
43435	2.040802
38469	25.64126
12573	27.581348
66494	12.475001
26032	11.611233
38707	6.0314507
41772	19.378956
53209	11.701037
7861	6.3821044
24977	25.472706
71591	2.853619
69879	4.496135
65247	41.364376
34458	10.307558
10399	20.935272
29036	1.9480155
48123	9.0467005
7598	12.6159935
73302	2.4736683
70050	10.482289
16253	12.069531
56275	16.201677
32087	4.649771
23196	36.226524
51082	10.4921055
70684	12.855453
29592	7.641611
53149	36.022003
33893	6.127453
55449	10.917311
11066	13.314869
37540	10.299705
22779	23.923504
50366	4.6728964
9639	15.956884
21040	3.9256473
42752	43.22583
39122	5.3435345
38192	12.020198
5432	2.7726488
62999	5.254698
35847	6.856047
19841	27.759413
71254	8.848052
36929	18.696882
72017	26.38003
71679	8.631295
11230	15.68115
39389	6.657082
23080	24.497313
24424	19.50964
65303	12.113512
14321	17.285795
57023	16.14031
43441	7.096759
66598	20.339071
48813	12.9318285
14107	4.158874
61284	3.8093305
56198	24.420898
72707	18.10354
38075	13.159974
57376	16.545744
26684	8.618876
48412	23.599293
37853	44.188408
70837	13.252911
29784	16.842928
49824	20.669409
64291	10.523726
59751	23.226189
57036	14.572121
70771	20.949255
65224	4.6231565
26309	17.415247
46823	20.736982
28341	4.500348
54318	7.3365536
28127	4.339215
68687	8.556239
43523	11.64687
55860	17.594992
40048	3.7783155
53827	5.6611714
74057	5.914995
72828	10.4054165
18595	2.6266935
10680	10.911792
19387	5.5248804
49627	3.1595592
6906	19.753935
46806	15.862648
73399	13.312548
34537	8.643366
32039	22.457531
3521	24.994217
58512	11.953285
62157	12.485692
12418	27.91705
49486	22.091076
37878	15.820032
36284	7.418625
49532	10.880972
8312	6.428723
51235	32.72227
17741	4.2404222
37799	5.3303413
53294	38.552647
11613	8.26135
32580	12.53111
50488	20.61121
9854	22.810602
36746	14.126949
3282	4.239964
11302	23.215832
48687	22.284668
21495	8.947372
30198	19.349714
72117	5.627748
27658	12.336213
30342	15.864227
11765	49.881897
64009	46.51874
41839	30.505604
64085	9.265698
18115	12.963951
31496	10.033133
25289	17.652596
41223	6.9953556
51875	5.6503935
28936	97.94191
49443	19.711409
65534	7.344475
16187	12.918656
54983	37.30989
17588	15.972931
15657	66.07024
19736	36.824074
50015	4.598716
66344	43.25896
73119	21.915121
35130	6.5867305
7378	6.1632204
13186	9.45143
34849	20.861982
56108	9.518693
69621	6.821308
19453	15.294012
31672	7.1566772
70513	5.177317
29813	20.933352
58061	4.484925
71855	6.3925476
20959	8.8168335
35330	13.552812
45298	18.312494
37712	6.401068
40061	11.306511
70289	8.05033
72778	17.716972
71577	15.304546
56339	4.1151257
4609	38.284042
11707	9.218849
58193	9.833409
28849	14.095202
73932	6.8905
45828	8.385427
36242	12.706417
63535	10.136189
38955	3.442505
16464	2.285346
16054	6.3129935
70669	2.5168252
19060	3.6239085
10370	25.012257
15157	7.959735
49621	5.1293845
23741	3.5835605
5976	2.3119667
63260	22.400644
69281	29.078114
14234	4.6014442
63458	10.966518
65395	10.274543
31748	11.386058
49740	12.324629
36525	10.662526
11063	13.270965
10503	13.942177
23767	13.661491
33527	21.502352
41186	14.186304
12662	6.914185
69698	10.170512
32206	24.113974
57495	8.8179035
50446	5.338192
3711	3.0146546
15912	4.2518234
73741	3.563033
68217	55.593056
38691	14.419819
55556	19.663897
51260	48.730923
70510	5.252178
59515	17.766342
68857	16.079006
49391	24.29606
70663	2.607732
14437	24.897694
43172	13.888063
37978	11.668644
11162	8.549341
44076	17.30659
42725	25.392897
68741	17.810211
56701	7.223915
65502	5.694049
44072	18.541397
6968	3.2912688
36886	7.10087
14588	9.099965
15795	7.0614605
24972	27.066322
52770	10.565317
39610	2.5516846
6754	13.800685
4207	7.873597
5543	9.6200695
44858	55.32089
70497	5.427678
70195	19.260307
8067	10.865763
62652	7.785203
23226	18.31983
31299	6.3002105
23499	12.585099
46184	6.608426
26791	7.7992907
28531	3.5253596
61478	18.866926
54469	2.5661209
19909	24.607378
45623	3.9955845
27413	3.2497087
30742	30.002623
26675	9.109204
42714	24.95994
12292	4.0276475
7780	8.335677
14703	13.305592
73556	23.194262
5582	27.13865
49323	24.23029
65384	5.1735168
19673	8.593973
19050	15.9484005
64197	2.2250645
51709	2.1656108
11942	1.9592218
53012	15.783228
11146	15.456963
43258	6.2498784
30999	4.111872
25025	43.019047
19337	2.7505813
20589	3.028315
53666	4.910712
43328	3.0238853
32941	10.628266
13383	12.136194
13359	8.212459
51548	5.8804255
65231	18.047886
18415	26.015612
58356	6.4413724
57657	25.308674
14357	2.2495697
48844	12.01737
58277	8.507833
51763	9.584339
26665	16.42077
28456	24.39654
61533	7.837455
60779	6.007934
74098	27.461613
27095	12.752011
31261	5.6804442
60287	11.496568
46375	5.5710397
27889	14.068927
52190	13.734111
60892	16.48214
14739	36.088943
9747	15.103609
23905	23.5865
54102	7.8679714
55527	19.342558
63719	12.9341345
49803	34.459045
11088	11.346218
62394	20.003777
17603	7.199786
1871	9.648813
70101	6.091706
44567	7.0926905
10724	9.367891
56418	30.259764
37319	25.929214
36957	14.108509
58313	10.240153
36676	29.142416
34786	19.183031
2138	6.468732
35175	2.1598756
36623	14.925798
35896	25.289442
50445	5.3498845
5087	1.4766288
15915	25.874754
44461	63.088776
11419	6.932684
34681	5.1448407
66432	7.838764
26984	115.516884
61404	8.827091
35181	23.417576
6998	18.520533
68084	4.7882476
41462	7.477848
4359	4.883106
43897	12.14735
34931	3.8982692
50151	15.733871
48624	5.4356637
28143	21.387156
10567	19.794535
58899	17.106262
70792	2.7731326
49135	3.7132244
6551	9.4374695
29214	63.067635
44963	16.929724
46476	6.2294044
73533	7.135789
6138	9.47692
49473	5.070794
24988	41.98301
38081	32.528515
63957	10.060573
40093	9.216915
69657	6.2338176
15955	2.0087988
33038	12.111597
29486	18.867414
30001	4.663121
15074	7.7710733
19627	8.25847
39029	7.5905533
33892	5.3545356
66699	17.033613
43104	4.9410686
15112	6.9083147
70808	4.335438
22433	5.692173
55672	4.4800234
25270	21.844687
2037	13.004158
3982	14.468699
64394	10.398971
47382	15.698332
15864	4.1658416
16309	9.705415
50317	27.6448
4258	0.8635688
67565	11.514021
16043	5.831574
62717	7.275608
60540	4.241878
44013	19.297062
36670	29.169197
64412	19.328138
34686	4.823716
42080	3.8964753
33070	1.1860735
60471	102.978
60201	45.380215
8837	7.8262634
46400	29.415169
46942	24.225597
45933	14.398313
25945	3.841385
18516	6.455473
45236	8.692021
24376	25.334696
42628	4.6852474
19121	35.051632
34469	7.7085285
27761	4.9794264
68734	5.0622745
57797	13.191879
44820	4.886039
52788	9.743744
5556	9.919365
61591	4.990784
9726	22.069992
57351	8.621654
57140	13.4761715
43330	3.0298104
7113	14.034931
38488	48.575096
26221	6.224453
30687	12.868624
38370	3.0477586
22394	10.43386
51112	4.7372036
39323	15.5879
39974	8.8341055
37379	22.202955
60073	7.260454
6967	2.4892123
3083	12.837039
64954	16.452818
63396	5.698794
46087	12.055607
72229	9.0984
9713	32.70608
72877	54.390713
65365	14.781173
69713	10.185977
47106	12.769704
52001	4.3333497
45983	5.6281705
71535	63.972527
18390	5.0301237
68718	4.8847537
46159	9.349791
57503	4.458464
19189	13.901978
62014	18.50697
40000	0.72116494
74065	18.982817
40224	13.799826
37650	5.0441456
70315	32.735424
45734	20.3513
2897	24.039013
44452	3.6403103
47873	91.906555
4846	36.327335
24894	25.465803
16127	48.18395
3438	6.2110596
21822	17.426954
50367	4.7735724
3222	15.864349
31833	23.438065
39224	2.1232762
30804	11.645098
25908	4.378133
5764	6.548645
50858	14.490357
10950	17.247902
13303	18.57624
36594	6.4985695
8136	10.026792
48573	14.547426
73406	13.554265
26956	23.551285
70120	13.06627
14389	2.2633283
51885	19.456585
56845	31.987118
67867	7.960644
34845	18.984657
58038	3.7318254
50702	40.91792
54233	4.90379
54194	9.386412
57205	3.5548315
45107	1.5357141
14701	13.413238
65966	16.793446
40582	26.044216
39188	30.738628
21155	23.566069
60843	9.314338
3798	13.8642025
27132	21.03638
58236	9.047259
41636	2.3024967
21494	1.9793494
7282	16.455294
19158	12.2833185
51987	12.424613
22173	22.581799
8039	17.620525
9864	24.46779
14456	24.223896
57489	18.990175
38864	4.6713986
2461	11.877603
61482	21.02536
51259	49.107452
11784	4.3259106
30162	14.04097
28595	25.065397
21290	38.35139
46777	7.586898
31448	22.473295
72785	11.031532
35899	25.285856
48821	12.925323
62291	13.443721
42426	13.544809
44208	3.645905
73036	22.46912
44174	19.50874
63536	12.089991
24940	21.915705
67839	1.4585595
72152	9.478471
64863	12.521357
23922	32.90011
48885	20.847328
46960	16.043295
53516	83.01581
22847	6.731539
53513	7.116087
41878	18.254982
19097	43.683804
61473	17.273506
17788	17.134214
18086	5.828008
30995	35.5987
62006	5.5284224
32265	8.735736
58311	9.201411
19689	18.517437
33508	7.41959
11537	4.713012
7747	11.853536
56168	3.4601307
54681	11.818241
55468	78.29428
64889	3.9974322
45013	21.264101
9820	15.4604435
56578	7.505437
2796	1.8114386
46024	8.858447
6332	19.645473
29265	19.528294
14792	18.529083
22641	2.1112068
21646	4.2337456
9104	9.982609
62362	24.38025
72930	8.707089
35446	14.853844
14715	18.112762
11488	29.815338
58191	7.2926598
30109	5.538508
29163	18.771494
4857	2.9070616
72278	8.2175
62121	18.196917
67643	23.11392
57930	6.638831
73524	7.3953466
53290	34.475075
25253	10.010011
36747	13.149683
15978	50.179993
8789	21.63987
6462	6.8414702
55621	1.7750466
26901	18.358345
14191	1.9503694
62130	18.907797
40143	37.629383
61283	3.974811
12053	13.70457
41163	21.329498
11878	20.594198
53388	20.67168
22663	12.577923
56140	1.5224342
2814	68.55942
44441	17.784786
15355	35.43023
20977	3.4964004
73665	8.822546
11074	13.645904
46242	4.728253
46953	29.51562
64471	11.774744
70506	6.1259756
44584	57.382828
31881	42.425274
29734	4.079538
8604	35.8551
37702	17.198223
18470	13.96204
13473	9.536448
34090	12.355662
17117	22.1753
43799	12.451134
20776	23.083635
7827	12.331986
24100	11.304959
43603	24.664148
22723	4.744933
72276	8.323694
30659	1.6081707
71742	15.251219
20499	11.336964
70311	51.671787
62822	28.287422
7681	5.277857
3307	41.255848
68172	9.794669
47292	28.582571
21329	2.1112769
64994	1.7209897
2598	12.874966
57438	21.517683
37939	3.4782796
58964	1.8111889
6908	19.843843
49000	7.6721926
37455	5.4378223
11012	8.609909
4763	11.990217
48335	12.01011
55264	25.189035
9482	4.443167
34344	7.63519
26760	28.020638
15992	6.0979066
2443	12.478154
64218	10.272183
3423	3.786621
45153	12.8282585
30927	19.942442
28467	7.1228905
73181	8.866204
43654	21.78734
21261	14.81002
20186	6.6415634
48074	2.2183938
48538	1.6476958
36756	10.901815
67534	11.79765
51852	14.899972
9915	1.5741143
26713	25.871498
16865	21.93412
56550	7.204875
56222	48.23061
19575	16.443209
56042	30.409832
9123	8.515171
66336	13.820169
13448	1.7993913
22958	7.5461903
53470	8.227131
26044	2.9550858
32089	5.631244
67871	9.02716
29234	19.109835
70809	4.4019575
28803	15.959063
13120	3.5123992
46573	96.22471
35569	5.8253126
60506	11.017791
71488	10.639856
15383	3.7149992
26107	10.337361
41690	12.977044
22310	1.6095219
33281	6.632445
55491	21.362883
5641	10.280098
43905	62.057877
54477	4.69616
70623	12.715545
15285	18.028025
40561	25.173428
3756	8.945279
66287	22.165524
63398	5.5296917
25678	37.996475
56533	8.446564
42008	14.533854
54662	8.35441
17771	35.457783
13202	4.0988984
45078	7.5137005
32295	20.534044
13962	17.54125
25696	33.037106
61605	32.823154
4782	12.028971
24499	9.1387205
19901	12.300427
43828	69.776924
24021	14.221017
46236	4.743434
16484	8.108964
18802	5.4257054
40935	5.295109
29314	40.232246
2701	2.1868913
24202	13.636582
4546	2.467784
22896	11.497423
74097	27.09116
27914	3.6629148
31640	5.3955107
55863	18.00029
61451	21.603859
26121	6.434449
68070	46.05896
28212	8.192236
15659	59.6115
39912	6.8837476
31900	24.59674
55698	19.619854
13462	26.351189
60224	6.313245
74038	2.37162
26666	16.415508
21439	6.883849
73088	15.265577
27508	2.2290614
32683	6.1826186
26140	24.857159
5363	20.492502
32156	8.965378
42770	3.2156773
61610	35.94597
40316	19.164606
7313	9.33364
61975	28.156471
41718	8.996873
54882	21.64758
62177	10.408239
21153	21.789436
6315	23.274452
34385	7.8752956
28895	8.722163
14944	30.138435
22928	1.484988
31408	45.007896
46127	2.514184
48416	6.0965
62361	24.389626
30606	2.7704787
69864	6.0217767
72470	5.0186453
43900	11.172199
63510	12.09507
66616	19.376837
25632	14.367893
30062	4.9692807
30102	5.0926585
46354	5.619047
61853	5.855394
46504	3.2933517
71622	11.09549
47932	4.4921927
17557	0.92436147
4079	17.521805
4269	0.86297214
68071	54.187077
9788	34.4216
5561	9.667311
34042	3.7576914
57905	3.831164
17804	90.66313
44815	12.275185
31404	28.428251
14288	8.975854
2158	6.418068
15623	3.8442883
41358	12.32261
65042	3.8033986
24198	13.843294
35614	9.329149
61443	17.845072
72373	17.60136
67670	104.595215
22874	10.212633
12566	10.5013895
28952	73.63059
69825	22.52809
57605	8.191562
21300	1.4265723
24788	38.574238
33120	9.510694
14441	26.621132
7032	15.499176
7783	8.650001
50008	7.918481
67740	25.332458
51629	22.134405
51711	2.6903853
36390	9.427556
16432	12.138305
57431	9.091497
29320	2.1283197
53318	13.441824
67381	39.446873
63078	6.0928755
70377	14.616607
38396	41.608753
21782	44.952866
24934	23.809002
60909	9.975478
54721	31.889194
28321	7.017622
59308	26.110523
10679	8.412165
26207	6.110105
35044	5.1575427
11158	18.912384
16487	8.784838
16879	11.234398
58869	4.810916
45940	7.8619747
30201	18.05839
47938	48.319237
42508	12.549258
60962	13.759
46238	4.741999
14153	16.564196
35833	13.581983
12698	21.820711
32684	6.2348385
21200	15.921438
36924	2.612083
40428	24.340036
48511	3.1536756
23607	15.823296
62849	45.32856
52580	9.232189
11966	12.272603
14470	27.001972
36179	11.051412
49677	9.172329
55911	69.96156
11821	9.620368
51344	11.152819
37264	15.717432
41733	30.855705
63533	11.902374
19595	19.167252
35938	39.153313
59706	11.096292
14699	13.232511
71681	8.310813
65994	15.6897545
74146	13.424339
70862	12.794366
63254	23.031925
15904	6.577235
39181	27.619287
7884	40.293873
22371	10.637872
64045	10.750977
27371	5.4747477
33371	5.6142573
40708	17.546684
12404	30.951164
12728	10.751523
25291	19.665733
24595	18.231556
30886	7.1819696
17693	8.328281
27550	3.8052306
7786	8.622321
32810	19.476435
70790	3.4034705
28837	13.95172
66633	8.128523
35063	15.420618
67118	9.47059
65009	17.217361
49599	2.9352396
12319	18.65178
70509	6.0214477
18238	6.879175
29251	19.943954
36437	9.67706
20385	2.1717522
28287	4.3990417
28772	13.948734
5197	10.262373
21861	3.1534777
21131	42.17599
29104	15.788525
3769	10.692726
32970	9.662771
15064	7.0582943
13406	0.6485473
63690	22.88659
32515	17.70548
27366	15.245466
1939	13.133815
32679	6.2649508
28156	42.25905
18433	7.7276506
22328	6.7361336
47832	21.514757
13795	8.8344755
58966	20.767342
17876	16.07286
43564	5.238694
18134	8.81089
39285	4.3513045
60205	9.941166
72056	38.571716
33520	15.816414
63515	12.082594
27088	3.498983
73760	5.1502104
73689	7.4856577
12605	34.232803
38005	30.643633
56199	25.26671
48267	3.8059568
49136	4.099302
72776	17.43618
14335	15.392305
12579	2.5226026
10816	8.23463
62262	59.730396
59693	12.745225
54327	2.8503885
18671	11.866388
64091	3.5127401
38579	9.642166
31398	27.658325
16014	73.561455
28767	17.383026
27537	23.348223
63446	11.573529
29886	14.081981
67646	21.888786
6471	20.74034
38821	29.449934
61493	6.2948227
26341	58.167637
21378	5.64581
43508	11.640642
62146	12.8067665
38458	13.286228
3292	4.9462485
44368	1.8460898
50568	17.722263
51966	8.275668
44370	16.205475
29905	12.431895
33902	6.340539
66953	15.737812
7969	25.481365
12831	10.362276
71116	27.434036
51174	13.371827
49166	5.9431305
36264	4.018458
45384	5.885066
20816	4.1352944
2775	11.517919
40250	18.248745
38174	13.00761
40714	17.86276
55709	36.43307
63161	39.28982
4562	10.538271
25052	43.144104
67796	8.2728195
67401	28.504616
46264	4.3017945
35089	4.1575565
15738	10.217699
56902	60.140087
58594	49.923286
21444	7.3217907
40717	17.223368
44163	6.630522
10696	43.230762
35964	4.538325
13057	5.0788684
19093	42.980118
20768	22.086462
58541	8.7552805
42253	5.262187
62668	12.281421
71480	11.377964
55413	20.400118
18379	8.670178
70958	18.118225
43548	38.19682
61195	7.5452147
60862	15.607626
22784	22.510302
31914	5.911192
36680	29.153265
51388	6.7431808
72901	1.6068778
43114	17.624617
30096	5.8474603
27141	7.8329268
62937	69.896324
32742	5.920312
17571	8.138365
15357	38.370377
19447	2.784583
33758	1.0438578
2422	9.149644
6452	7.072075
14997	13.822467
52870	18.506187
36687	4.6078405
59121	19.930069
2946	5.0746164
3215	13.085363
38595	15.768179
20822	3.9733872
23682	15.720438
39098	73.317314
43549	39.28909
1934	3.5702333
23645	17.370438
23177	17.61288
58310	8.200594
34306	7.4380302
19922	3.8127017
62968	14.990995
72291	10.88915
7411	23.424948
21396	6.9267898
9944	1.5328333
41387	10.64796
21050	2.5313003
30403	9.681163
59448	1.039022
7270	5.351619
32748	6.6761336
63256	21.629627
55510	20.595964
1768	4.1325603
20723	5.6820383
15625	2.0285716
51844	12.060738
